# differential correctness test ...
# diff: 126/126 passed

# benchmark grid (best-of-5, us per sort)
N          K        F      card(f0)   baseline(us)   partial(us)    lazy(us)       part/base  lazy/base  notes
------------------------------------------------------------------------------------------------------------------
## cheap numeric fields (all int32)
10000      10       1      0          1498.9         88.4           173.0          0.06       0.12       
10000      10       2      0          1518.3         143.0          171.7          0.09       0.11       
10000      10       3      0          1559.7         190.4          169.8          0.12       0.11       
10000      100      1      0          1465.7         132.5          159.0          0.09       0.11       
10000      100      2      0          1382.0         180.6          159.9          0.13       0.12       
10000      100      3      0          1574.8         241.8          165.7          0.15       0.11       
10000      1000     1      0          1308.4         567.7          274.7          0.43       0.21       
10000      1000     2      0          1502.3         608.6          281.7          0.41       0.19       
10000      1000     3      0          1532.0         706.9          273.9          0.46       0.18       
10000      100      2      16         1494.7         181.9          1712.0         0.12       1.15       lazy-fallback

100000     10       1      0          18542.9        867.4          2891.0         0.05       0.16       
100000     10       2      0          19263.4        1438.1         2910.7         0.07       0.15       
100000     10       3      0          20805.2        1903.8         2890.7         0.09       0.14       
100000     100      1      0          19010.2        942.1          2938.2         0.05       0.15       
100000     100      2      0          20058.3        1521.0         2813.5         0.08       0.14       
100000     100      3      0          19870.1        1930.2         2485.5         0.10       0.13       
100000     1000     1      0          18894.9        1784.2         3003.6         0.09       0.16       
100000     1000     2      0          19147.2        2364.5         3005.1         0.12       0.16       
100000     1000     3      0          20423.2        2939.7         3036.8         0.14       0.15       
100000     100      2      16         19453.1        1520.8         23451.0        0.08       1.21       lazy-fallback

1000000    10       1      0          247146.1       8671.0         34073.6        0.04       0.14       
1000000    10       2      0          261307.6       15010.6        35603.8        0.06       0.14       
1000000    10       3      0          280696.0       19725.2        35363.7        0.07       0.13       
1000000    100      1      0          251490.3       9067.2         34181.0        0.04       0.14       
1000000    100      2      0          261927.5       14459.3        33984.0        0.06       0.13       
1000000    100      3      0          275890.9       20239.8        33568.2        0.07       0.12       
1000000    1000     1      0          246782.1       10458.1        34264.4        0.04       0.14       
1000000    1000     2      0          257858.5       16070.8        34996.5        0.06       0.14       
1000000    1000     3      0          279049.5       21432.0        35329.6        0.08       0.13       
1000000    100      2      16         264890.3       14354.4        293920.5       0.05       1.11       lazy-fallback

## expensive tail fields (field0 cheap int32, rest ~= UCA collator)
N          K        F      card(f0)   baseline(us)   partial(us)    lazy(us)       part/base  lazy/base  notes
------------------------------------------------------------------------------------------------------------------
10000      10       2      0          3688.9         2148.3         160.4          0.58       0.04       
10000      10       3      0          6710.9         5382.8         174.5          0.80       0.03       
10000      100      2      0          3526.2         2122.2         181.2          0.60       0.05       
10000      100      3      0          6713.3         5460.8         195.6          0.81       0.03       

100000     10       2      0          42867.0        23730.1        2846.6         0.55       0.07       
100000     10       3      0          73170.2        55123.7        2758.1         0.75       0.04       
100000     100      2      0          43036.7        23829.0        2760.4         0.55       0.06       
100000     100      3      0          74771.7        55631.6        2962.5         0.74       0.04       

1000000    10       2      0          500425.8       233532.1       35292.9        0.47       0.07       
1000000    10       3      0          846149.9       574322.2       34090.5        0.68       0.04       
1000000    100      2      0          499599.7       234677.3       34605.6        0.47       0.07       
1000000    100      3      0          852898.4       575107.9       34219.0        0.67       0.04       

